test_data/rescaled.asc
ncols        177
nrows        138
xllcorner    111.975000000000
yllcorner    -44.475000000000
cellsize     0.250000000000
NODATA_value  -9999
[rows 36 to 53 of 138, columns 123 to 163 of 177]
23.715869903564453125 25.480749130249023438 25.15045928955078125 25.50299072265625 33.8830108642578125 25.980810165405273438 24.3458099365234375 32.1566314697265625 36.712291717529296875 40.400638580322265625 37.5792999267578125 35.37107086181640625 47.668338775634765625 80.956207275390625 94.70043182373046875 83.88913726806640625 87.852081298828125 98.059661865234375 111.53730010986328125 123.91259765625 134.4391937255859375 143.060699462890625 150.7906951904296875 159.76019287109375 168.92010498046875 174.13360595703125 176.212799072265625 176.28570556640625 175.2501983642578125 173.2913055419921875 170.7947998046875 167.8047027587890625 165.0366973876953125 162.25689697265625 160.188995361328125 157.6938018798828125 156.973907470703125 156.0991058349609375 155.2843017578125 154.671905517578125 154.3831024169921875
22.670009613037109375 24.043569564819335938 32.6501007080078125 25.536249160766601562 27.6165008544921875 30.952190399169921875 29.155780792236328125 38.773410797119140625 35.727321624755859375 37.02761077880859375 35.636890411376953125 37.22052001953125 39.9831085205078125 51.34449005126953125 80.04644012451171875 58.24652099609375 61.70446014404296875 68.3385772705078125 80.907012939453125 92.685302734375 104.87220001220703125 116.381103515625 128.420501708984375 142.1584930419921875 156.1764984130859375 168.349700927734375 175.1121978759765625 175.1414031982421875 174.2639007568359375 172.264007568359375 169.9965972900390625 167.4777984619140625 164.746002197265625 162.4364013671875 160.340301513671875 158.623504638671875 157.1710052490234375 156.709503173828125 156.169097900390625 155.8097991943359375 155.4490966796875
23.923570632934570312 26.977590560913085938 29.742570877075195312 45.4992218017578125 41.837490081787109375 40.008190155029296875 40.629749298095703125 33.723888397216796875 32.85446929931640625 34.525928497314453125 37.954509735107421875 41.027069091796875 38.63581085205078125 39.486110687255859375 43.883991241455078125 68.16309356689453125 56.59358978271484375 58.501110076904296875 60.641750335693359375 68.0480194091796875 79.72794342041015625 92.73047637939453125 109.11150360107421875 128.83709716796875 147.36669921875 162.256500244140625 171.6201019287109375 174.5207977294921875 173.1143035888671875 171.338104248046875 169.3052978515625 166.621307373046875 164.0811004638671875 161.8795013427734375 159.8415985107421875 158.47760009765625 157.5507965087890625 157.1508026123046875 156.9037933349609375 156.5991973876953125 156.52569580078125
23.183149337768554688 26.697050094604492188 28.503629684448242188 29.155330657958984375 33.982219696044921875 38.1045684814453125 37.96878814697265625 42.791599273681640625 42.60150146484375 42.69612884521484375 40.12783050537109375 44.24951171875 42.620670318603515625 39.105098724365234375 40.71009063720703125 46.031398773193359375 53.261211395263671875 50.5262603759765625 53.8564300537109375 50.830310821533203125 60.85845947265625 68.24273681640625 91.4631195068359375 123.42910003662109375 144.2758941650390625 161.9228973388671875 171.04010009765625 172.94659423828125 169.3240966796875 168.9170074462890625 167.3773040771484375 164.9346923828125 162.53790283203125 160.590606689453125 159.1094970703125 157.8614044189453125 157.31829833984375 156.942901611328125 157.3285980224609375 157.0839996337890625 157.1927032470703125
23.123210906982421875 27.09362030029296875 25.97537994384765625 26.345220565795898438 32.386810302734375 35.69625091552734375 38.447910308837890625 38.834438323974609375 41.350170135498046875 43.486141204833984375 44.21746826171875 46.559291839599609375 45.670459747314453125 47.18572998046875 48.30596923828125 46.21733856201171875 53.10211944580078125 58.83013916015625 49.344318389892578125 51.419048309326171875 56.620830535888671875 51.556549072265625 81.1604766845703125 148.097900390625 156.1136932373046875 169.4488067626953125 173.649200439453125 171.71429443359375 165.9864959716796875 163.1316986083984375 163.6260986328125 162.0453948974609375 160.0088043212890625 158.2682952880859375 157.381103515625 156.6493988037109375 156.388397216796875 156.6172943115234375 157.0218963623046875 157.473297119140625 157.65899658203125
22.836660385131835938 29.910879135131835938 27.06211090087890625 26.665979385375976562 29.434970855712890625 34.04998016357421875 36.376270294189453125 35.800991058349609375 41.327930450439453125 41.89849090576171875 45.92803955078125 42.887660980224609375 42.457050323486328125 42.23506927490234375 48.029911041259765625 54.038890838623046875 50.06726837158203125 63.473461151123046875 49.288379669189453125 50.96997833251953125 53.589519500732421875 80.32501983642578125 94.01629638671875 177.3235015869140625 188.63720703125 177.691802978515625 176.1891937255859375 169.841400146484375 163.2252960205078125 153.981292724609375 157.7552947998046875 157.740203857421875 156.1864013671875 155.2801971435546875 154.640899658203125 154.4967041015625 155.109405517578125 155.672698974609375 156.3838958740234375 157.63330078125 157.7805023193359375
20.506959915161132812 25.794889450073242188 26.045759201049804688 26.70883941650390625 30.132200241088867188 33.441089630126953125 29.264240264892578125 33.19786834716796875 40.599430084228515625 45.41043853759765625 47.2379302978515625 46.180511474609375 41.838710784912109375 38.395450592041015625 44.470188140869140625 48.87358856201171875 50.3983001708984375 42.180690765380859375 45.574939727783203125 36.48049163818359375 56.22148895263671875 85.49524688720703125 99.26470184326171875 140.56109619140625 170.5240936279296875 168.3050994873046875 167.478302001953125 166.643707275390625 159.031402587890625 152.6320953369140625 151.6934967041015625 152.8668060302734375 151.7935028076171875 151.3144989013671875 151.5991058349609375 152.20880126953125 153.2671966552734375 154.3867034912109375 155.4998931884765625 156.5092010498046875 157.8842010498046875
18.51190948486328125 22.446620941162109375 24.028219223022460938 24.494920730590820312 27.375379562377929688 32.06964874267578125 34.75955963134765625 32.85900115966796875 36.3175506591796875 41.188518524169921875 45.701900482177734375 46.780971527099609375 40.41378021240234375 40.59378814697265625 42.939510345458984375 44.2102813720703125 39.848300933837890625 38.750308990478515625 51.0226593017578125 49.246639251708984375 39.06829071044921875 59.533538818359375 99.5493621826171875 143.7886962890625 151.2295074462890625 153.326202392578125 154.7610015869140625 161.13189697265625 153.4084930419921875 147.7787017822265625 148.933807373046875 149.9698944091796875 148.00579833984375 147.260101318359375 148.00909423828125 149.6504058837890625 151.347198486328125 152.91949462890625 154.2953033447265625 155.8325958251953125 157.2238006591796875
17.2267303466796875 21.378360748291015625 25.378210067749023438 26.438020706176757812 28.277639389038085938 31.850320816040039062 37.35923004150390625 33.098598480224609375 32.574069976806640625 37.3770599365234375 45.723178863525390625 37.698101043701171875 36.58258819580078125 37.2757415771484375 40.74642181396484375 42.88838958740234375 39.095149993896484375 38.96804046630859375 42.98114013671875 50.62779998779296875 44.28533172607421875 53.9601898193359375 124.43579864501953125 129.554901123046875 144.43170166015625 142.648895263671875 146.748504638671875 149.5218048095703125 144.7588958740234375 139.59710693359375 141.797607421875 150.8831939697265625 146.1697998046875 144.0449981689453125 144.84869384765625 146.871307373046875 149.349395751953125 151.2288055419921875 153.1858062744140625 154.77459716796875 156.2230987548828125
17.707080841064453125 22.66912078857421875 26.248790740966796875 30.201770782470703125 29.388690948486328125 31.719350814819335938 33.834941864013671875 34.730739593505859375 32.750568389892578125 36.51123046875 40.703090667724609375 40.72126007080078125 42.99365997314453125 35.682109832763671875 39.582820892333984375 45.822940826416015625 39.04489898681640625 40.965518951416015625 38.520679473876953125 39.4737091064453125 36.555110931396484375 45.9053802490234375 75.50411224365234375 102.52719879150390625 89.0950164794921875 121.0319976806640625 141.8928070068359375 139.9506988525390625 131.6403961181640625 124.34169769287109375 127.06040191650390625 143.0673065185546875 145.698394775390625 142.01190185546875 142.2436981201171875 144.59869384765625 147.2642974853515625 149.7729949951171875 151.6757965087890625 153.670196533203125 155.19659423828125
19.805860519409179688 21.5333404541015625 28.0698699951171875 32.721050262451171875 31.257059097290039062 31.963869094848632812 34.809421539306640625 33.847660064697265625 31.932430267333984375 34.262451171875 35.936199188232421875 37.09490966796875 36.223499298095703125 51.9693603515625 39.462268829345703125 38.82772064208984375 38.3274688720703125 34.172119140625 32.676300048828125 33.71250152587890625 37.3221893310546875 40.1936798095703125 40.675868988037109375 47.21144866943359375 63.36962890625 116.95670318603515625 129.1042022705078125 126.187103271484375 114.5009002685546875 101.4459991455078125 108.25330352783203125 124.07270050048828125 142.488800048828125 140.291107177734375 140.3571014404296875 142.75030517578125 145.4842987060546875 147.9889984130859375 150.2487030029296875 152.095001220703125 153.9362030029296875
21.396650314331054688 18.834749221801757812 23.670560836791992188 32.0250396728515625 32.84381103515625 33.485729217529296875 35.531299591064453125 35.62406158447265625 35.20092010498046875 34.779918670654296875 36.240840911865234375 41.797031402587890625 41.34526824951171875 47.234500885009765625 39.89904022216796875 37.49285888671875 35.766819000244140625 30.383319854736328125 27.522409439086914062 32.525249481201171875 35.193431854248046875 44.2757110595703125 35.37873077392578125 37.175079345703125 43.181179046630859375 71.0680084228515625 97.803863525390625 105.45110321044921875 98.77805328369140625 91.75507354736328125 99.4011688232421875 115.57230377197265625 129.8567962646484375 138.1533966064453125 139.1464996337890625 141.6320037841796875 144.230804443359375 146.4763031005859375 148.6952972412109375 150.5818023681640625 152.333099365234375
20.6314697265625 20.054449081420898438 26.040050506591796875 31.305410385131835938 30.857540130615234375 32.509418487548828125 34.515239715576171875 33.3917388916015625 34.9178009033203125 32.666118621826171875 36.791088104248046875 48.427600860595703125 44.7385101318359375 42.415439605712890625 39.96501922607421875 38.914920806884765625 36.3760986328125 35.6246185302734375 32.527500152587890625 33.4595184326171875 38.965900421142578125 33.332530975341796875 33.8631591796875 32.227039337158203125 33.026920318603515625 58.769458770751953125 87.10340118408203125 82.8560028076171875 83.8609619140625 85.76318359375 96.38928985595703125 113.33280181884765625 127.428497314453125 135.8451995849609375 138.80279541015625 141.4546051025390625 143.6277008056640625 145.437896728515625 147.13470458984375 148.7740936279296875 150.50830078125
22.933389663696289062 26.06800079345703125 28.871959686279296875 32.0660400390625 35.114471435546875 35.226711273193359375 34.1547698974609375 37.199329376220703125 36.671329498291015625 35.97637939453125 39.353908538818359375 43.1618499755859375 42.495189666748046875 43.289440155029296875 41.7178802490234375 36.825839996337890625 34.141971588134765625 35.32041168212890625 37.396678924560546875 35.7822418212890625 39.4808502197265625 43.141918182373046875 33.7208404541015625 30.708269119262695312 30.427400588989257812 44.744140625 58.105808258056640625 57.922088623046875 60.114200592041015625 68.71077728271484375 91.4739837646484375 116.7985992431640625 131.51690673828125 137.7563018798828125 140.7949981689453125 143.0879058837890625 144.7306976318359375 145.6569976806640625 146.2433013916015625 147.1537017822265625 148.498504638671875
23.898019790649414062 31.636020660400390625 31.69792938232421875 33.205638885498046875 37.0616912841796875 34.268711090087890625 36.661289215087890625 35.55323028564453125 38.30152130126953125 42.2327117919921875 44.795040130615234375 43.162670135498046875 41.764598846435546875 38.514789581298828125 37.716411590576171875 35.07769012451171875 35.194549560546875 35.4536590576171875 42.182498931884765625 39.291229248046875 42.283649444580078125 36.718280792236328125 37.57556915283203125 33.70468902587890625 31.808069229125976562 39.199329376220703125 63.96772003173828125 38.27027130126953125 72.84934234619140625 57.203151702880859375 91.0034027099609375 126.31780242919921875 140.28680419921875 139.88189697265625 139.3594970703125 140.2595977783203125 142.2754058837890625 147.38720703125 146.6428070068359375 145.4528045654296875 145.7801055908203125
23.426029205322265625 35.47261810302734375 34.5898590087890625 35.0062408447265625 43.547641754150390625 44.045978546142578125 39.2556915283203125 32.747959136962890625 39.706638336181640625 47.493869781494140625 44.367198944091796875 49.131679534912109375 41.72212982177734375 40.422039031982421875 37.1135101318359375 35.8464202880859375 37.619640350341796875 36.849559783935546875 47.050289154052734375 41.695911407470703125 38.968730926513671875 42.731899261474609375 39.55783843994140625 36.3842010498046875 38.971729278564453125 45.811130523681640625 42.4532012939453125 40.237430572509765625 41.205661773681640625 47.484409332275390625 84.61757659912109375 144.7798004150390625 139.4987030029296875 134.859100341796875 132.851898193359375 133.010101318359375 132.0601959228515625 131.470794677734375 142.2216033935546875 143.540496826171875 142.37939453125
19.907140731811523438 26.743299484252929688 32.314479827880859375 33.290958404541015625 40.07392120361328125 42.706390380859375 35.773681640625 32.10012054443359375 37.29257965087890625 42.745941162109375 42.77667999267578125 48.94908905029296875 36.647159576416015625 43.811969757080078125 38.223949432373046875 36.5521087646484375 33.39324951171875 34.85562896728515625 38.969940185546875 37.485240936279296875 37.92620849609375 38.658290863037109375 38.174549102783203125 35.997188568115234375 35.4018707275390625 42.131641387939453125 43.5910797119140625 59.68370819091796875 39.57295989990234375 48.64315032958984375 74.52776336669921875 114.30210113525390625 122.28209686279296875 121.5449981689453125 118.5438995361328125 121.143096923828125 123.6183013916015625 124.41539764404296875 126.92600250244140625 137.17010498046875 138.2194976806640625
16.061189651489257812 21.704599380493164062 28.704980850219726562 34.2302398681640625 38.339710235595703125 39.570648193359375 36.93550872802734375 34.122161865234375 33.125400543212890625 37.45294189453125 39.264980316162109375 44.295299530029296875 36.78826141357421875 40.6948699951171875 38.660400390625 34.7113494873046875 32.18135833740234375 34.945919036865234375 38.118518829345703125 41.334491729736328125 40.949131011962890625 40.961589813232421875 38.07920074462890625 38.14630126953125 37.670391082763671875 42.51580047607421875 45.77996063232421875 42.572521209716796875 41.426128387451171875 56.363780975341796875 53.642650604248046875 93.2032928466796875 100.9741973876953125 102.18129730224609375 99.41121673583984375 107.02410125732421875 114.55570220947265625 119.09649658203125 121.89569854736328125 125.528900146484375 129.59039306640625
