test_data/rescaled.asc
ncols        177
nrows        138
xllcorner    111.975000000000
yllcorner    -44.475000000000
cellsize     0.250000000000
NODATA_value  -9999
[rows 0 to 17 of 138, columns 41 to 81 of 177]
10.98278045654296875 13.291020393371582031 15.893030166625976562 19.16616058349609375 22.992570877075195312 27.263149261474609375 32.54402923583984375 39.081630706787109375 47.32324981689453125 57.399120330810546875 69.9906005859375 82.77065277099609375 90.7928924560546875 93.2267913818359375 94.71231842041015625 96.2593231201171875 97.63603973388671875 98.986602783203125 100.7303009033203125 102.3506011962890625 103.83730316162109375 105.6262969970703125 106.98650360107421875 108.24199676513671875 109.3939971923828125 110.30519866943359375 112.2873992919921875 115.027496337890625 117.2718963623046875 119.216400146484375 120.781402587890625 122.15920257568359375 123.27649688720703125 124.134002685546875 124.43019866943359375 124.6177978515625 123.94229888916015625 122.76850128173828125 121.5157012939453125 120.74590301513671875 121.07990264892578125
15.293889999389648438 18.432500839233398438 21.82563018798828125 25.928619384765625 30.801179885864257812 36.50424957275390625 43.23883819580078125 51.22624969482421875 61.155231475830078125 71.6705322265625 82.30381011962890625 87.11437225341796875 88.54293060302734375 89.85771942138671875 91.23555755615234375 92.61504364013671875 94.07341766357421875 95.68863677978515625 97.26215362548828125 98.84204864501953125 100.33080291748046875 102.01959991455078125 103.4817962646484375 104.84929656982421875 105.8135986328125 107.50119781494140625 110.06079864501953125 112.5933990478515625 114.71939849853515625 116.60540008544921875 117.77649688720703125 118.67549896240234375 119.81400299072265625 121.11810302734375 122.19770050048828125 122.4375 121.2864990234375 118.58570098876953125 114.92209625244140625 112.35430145263671875 113.1305999755859375
21.200159072875976562 25.0610504150390625 29.588079452514648438 34.860198974609375 41.063838958740234375 48.191028594970703125 56.593379974365234375 65.65912628173828125 74.56884765625 81.07575225830078125 83.2738037109375 84.31549835205078125 85.2739715576171875 86.35175323486328125 87.65438079833984375 89.04160308837890625 90.48703765869140625 91.9342193603515625 93.5048828125 95.22271728515625 96.698638916015625 98.27291107177734375 99.6834564208984375 100.7510986328125 102.03839874267578125 104.86190032958984375 107.436798095703125 109.58049774169921875 111.76239776611328125 112.877899169921875 112.71959686279296875 112.1540985107421875 112.94699859619140625 116.09200286865234375 119.57579803466796875 121.13069915771484375 118.9709014892578125 113.022003173828125 107.5731964111328125 105.81729888916015625 106.73639678955078125
28.771909713745117188 34.054248809814453125 39.866180419921875 46.498210906982421875 54.28639984130859375 62.543331146240234375 70.280181884765625 75.9495391845703125 78.55751800537109375 79.4511566162109375 80.09123992919921875 80.98858642578125 81.91533660888671875 82.82451629638671875 84.1103668212890625 85.461639404296875 86.80564117431640625 88.29032135009765625 89.7428436279296875 91.3883819580078125 93.07061767578125 94.5162200927734375 95.7992706298828125 96.98990631103515625 99.230926513671875 101.76920318603515625 104.1038970947265625 106.2595977783203125 107.8625030517578125 107.50689697265625 104.52590179443359375 100.95130157470703125 103.526702880859375 108.611602783203125 114.44580078125 119.31349945068359375 117.9214019775390625 111.27010345458984375 106.1092987060546875 103.76599884033203125 104.580902099609375
38.81114959716796875 45.40692901611328125 52.943820953369140625 60.83322906494140625 67.81458282470703125 72.42144775390625 74.65695953369140625 75.4686126708984375 75.94965362548828125 76.49340057373046875 76.88755035400390625 77.689849853515625 78.518646240234375 79.42578887939453125 80.38202667236328125 81.7339630126953125 83.1197967529296875 84.381683349609375 85.866058349609375 87.48911285400390625 88.98602294921875 90.544921875 91.94104766845703125 93.438812255859375 95.82894134521484375 98.1779022216796875 100.424896240234375 102.61609649658203125 103.477203369140625 100.89630126953125 94.42230987548828125 98.8899688720703125 105.7852020263671875 111.27159881591796875 114.8065032958984375 117.91970062255859375 116.4824981689453125 110.2776031494140625 104.2194976806640625 100.74269866943359375 102.15760040283203125
51.75897979736328125 59.83837890625 65.81803131103515625 69.6012115478515625 71.48748016357421875 72.137542724609375 72.58011627197265625 72.853851318359375 73.057403564453125 73.43399810791015625 73.82866668701171875 74.349578857421875 74.989776611328125 75.859466552734375 76.826171875 77.95156097412109375 79.17539215087890625 80.5225677490234375 82.001312255859375 83.457427978515625 85.092193603515625 86.5605010986328125 87.83907318115234375 89.7927703857421875 92.11905670166015625 94.4096527099609375 96.57994842529296875 98.37796783447265625 98.75853729248046875 95.1005401611328125 91.9537200927734375 100.44010162353515625 107.2332000732421875 110.9449005126953125 113.189697265625 113.9004974365234375 112.8610992431640625 107.89479827880859375 102.47280120849609375 99.62328338623046875 100.1717987060546875
63.8538818359375 67.1556396484375 68.6118927001953125 69.2144775390625 69.5136871337890625 69.78153228759765625 69.8668212890625 69.9653778076171875 70.19268035888671875 70.30269622802734375 70.72753143310546875 71.09557342529296875 71.62783050537109375 72.21057891845703125 73.12772369384765625 74.13947296142578125 75.22251129150390625 76.542236328125 77.945343017578125 79.3509674072265625 80.8495330810546875 82.48883819580078125 83.7772216796875 85.8880462646484375 88.1117706298828125 90.2990264892578125 92.25768280029296875 94.10742950439453125 94.44164276123046875 90.7686309814453125 92.16307830810546875 98.56519317626953125 102.72100067138671875 104.20200347900390625 108.5052032470703125 107.54149627685546875 106.33609771728515625 103.75579833984375 100.21959686279296875 97.59108734130859375 96.730743408203125
65.921478271484375 66.4075927734375 66.63250732421875 66.7803497314453125 66.90052032470703125 67.15863800048828125 67.317626953125 67.386962890625 67.41007232666015625 67.5753936767578125 67.57346343994140625 67.94622039794921875 68.28279876708984375 68.78070068359375 69.50299072265625 70.19460296630859375 71.3305206298828125 72.21251678466796875 73.7300872802734375 75.16378021240234375 76.65667724609375 78.13910675048828125 79.64005279541015625 81.75917816162109375 83.82568359375 85.88266754150390625 87.7727508544921875 89.453521728515625 90.0564727783203125 87.54628753662109375 90.66074371337890625 94.22412109375 96.40001678466796875 96.34868621826171875 99.40618133544921875 100.1414031982421875 99.415130615234375 97.5231781005859375 95.17691802978515625 94.84934234619140625 94.65334320068359375
63.9345703125 64.13764190673828125 64.3145599365234375 64.48091888427734375 64.56310272216796875 64.63404083251953125 64.7067718505859375 64.67063140869140625 64.64235687255859375 64.73792266845703125 64.73665618896484375 64.8011932373046875 65.0742034912109375 65.29486846923828125 65.7506866455078125 66.3234405517578125 67.13358306884765625 68.0911407470703125 69.28957366943359375 70.7195281982421875 72.2953033447265625 73.66782379150390625 75.1988067626953125 77.40760040283203125 79.559356689453125 81.37352752685546875 83.13443756103515625 84.767242431640625 85.2761993408203125 83.9032135009765625 86.87902069091796875 88.65000152587890625 89.48821258544921875 91.090057373046875 92.9554290771484375 92.80500030517578125 93.2813568115234375 90.98944854736328125 88.48642730712890625 89.24346160888671875 90.87114715576171875
61.6334381103515625 61.884349822998046875 62.14878082275390625 62.1388092041015625 62.259281158447265625 62.270809173583984375 62.227291107177734375 62.185699462890625 62.121570587158203125 61.995441436767578125 61.926959991455078125 61.888881683349609375 62.02993011474609375 61.67919158935546875 61.662670135498046875 61.902721405029296875 62.4960784912109375 63.3716888427734375 64.6710662841796875 65.91461181640625 67.47678375244140625 68.7811126708984375 70.8067169189453125 72.9686126708984375 74.92664337158203125 76.75431060791015625 78.4412078857421875 79.80854034423828125 80.26959228515625 79.65287017822265625 81.9043731689453125 82.652618408203125 83.583770751953125 83.40915679931640625 88.07363128662109375 84.8251190185546875 83.65421295166015625 83.02794647216796875 80.96865081787109375 81.5886077880859375 84.57364654541015625
59.5693817138671875 59.75225830078125 59.858379364013671875 59.9036712646484375 59.918560028076171875 59.92250823974609375 59.76959991455078125 59.73863983154296875 59.583408355712890625 59.47499847412109375 59.528011322021484375 58.995189666748046875 58.19844818115234375 57.607830047607421875 57.2342681884765625 57.153919219970703125 57.855289459228515625 58.8966217041015625 60.113780975341796875 61.37567901611328125 62.720439910888671875 64.3240966796875 66.4591827392578125 68.42794036865234375 70.4345703125 72.08315277099609375 73.649932861328125 74.8527069091796875 75.369537353515625 75.65276336669921875 77.14296722412109375 77.54688262939453125 77.6802520751953125 79.06168365478515625 81.07372283935546875 77.34116363525390625 70.02436065673828125 70.681976318359375 72.18103790283203125 73.49738311767578125 76.6470184326171875
57.514408111572265625 57.612461090087890625 57.67919158935546875 57.76132965087890625 57.7623291015625 57.58087921142578125 57.528728485107421875 57.509609222412109375 57.362949371337890625 57.281070709228515625 56.584339141845703125 55.5680999755859375 54.417881011962890625 54.385890960693359375 54.359149932861328125 54.202960968017578125 54.449188232421875 55.0751190185546875 56.056018829345703125 57.256458282470703125 58.5986785888671875 60.208911895751953125 62.059139251708984375 63.984130859375 65.92420196533203125 67.5684661865234375 69.0372161865234375 70.20599365234375 71.0096435546875 71.93141937255859375 73.2076873779296875 73.1126708984375 72.64092254638671875 73.48372650146484375 71.545257568359375 68.06063079833984375 61.753570556640625 61.79325103759765625 64.03794097900390625 65.02823638916015625 68.30269622802734375
55.4296417236328125 55.444400787353515625 55.488300323486328125 55.507198333740234375 55.48751068115234375 55.361728668212890625 55.24160003662109375 55.184940338134765625 55.239898681640625 54.64569854736328125 53.2962799072265625 52.986721038818359375 52.46295928955078125 51.479320526123046875 50.518268585205078125 50.037998199462890625 50.16783905029296875 50.789398193359375 51.861980438232421875 53.109989166259765625 54.49346923828125 55.986118316650390625 57.711521148681640625 59.573581695556640625 61.47003936767578125 63.11978912353515625 64.64591217041015625 66.0921173095703125 67.30246734619140625 68.89092254638671875 69.35582733154296875 68.51888275146484375 67.8265533447265625 67.64623260498046875 62.699710845947265625 57.69647979736328125 56.03810882568359375 54.828189849853515625 56.039028167724609375 57.859161376953125 60.587490081787109375
53.235790252685546875 53.198551177978515625 53.16899871826171875 53.144481658935546875 53.095500946044921875 53.078510284423828125 53.0717315673828125 53.058971405029296875 52.784038543701171875 52.155208587646484375 51.48361968994140625 50.690410614013671875 49.4389190673828125 48.126300811767578125 47.250499725341796875 46.298061370849609375 46.176029205322265625 46.65238189697265625 47.77433013916015625 49.0225982666015625 50.364101409912109375 51.934940338134765625 53.5386810302734375 55.327541351318359375 56.986309051513671875 58.85157012939453125 60.853038787841796875 63.0347900390625 64.9763031005859375 66.36302947998046875 64.4642486572265625 62.056301116943359375 60.592739105224609375 59.78794097900390625 56.316471099853515625 53.376499176025390625 46.025600433349609375 46.6782989501953125 49.991710662841796875 52.51161956787109375 55.747760772705078125
50.84761810302734375 50.681888580322265625 50.582599639892578125 50.48690032958984375 50.551250457763671875 50.5104217529296875 50.647228240966796875 51.193729400634765625 50.806121826171875 49.949710845947265625 49.360881805419921875 48.296600341796875 46.896331787109375 45.49237060546875 43.940860748291015625 42.533618927001953125 42.705921173095703125 43.43299102783203125 43.9956512451171875 45.0480804443359375 46.36177825927734375 47.854190826416015625 49.462528228759765625 51.0189208984375 52.811191558837890625 54.949390411376953125 58.02294158935546875 61.893840789794921875 65.32276153564453125 64.527191162109375 59.949138641357421875 55.012958526611328125 53.082050323486328125 49.60369110107421875 46.925731658935546875 43.85858917236328125 39.269519805908203125 40.484088897705078125 42.24961090087890625 47.032428741455078125 54.278850555419921875
48.074001312255859375 47.907649993896484375 47.72686004638671875 47.693531036376953125 48.063129425048828125 48.87033843994140625 49.358730316162109375 49.208038330078125 48.6506500244140625 48.1663818359375 47.3106689453125 46.306461334228515625 45.23815155029296875 44.119171142578125 42.539600372314453125 40.897350311279296875 40.251678466796875 40.0257415771484375 40.42958831787109375 41.053150177001953125 42.367610931396484375 43.96440887451171875 45.482818603515625 46.916980743408203125 48.66191864013671875 51.41664886474609375 55.8868408203125 62.23983001708984375 64.0199127197265625 61.905750274658203125 56.230579376220703125 50.00366973876953125 45.29254150390625 40.7296600341796875 38.841838836669921875 37.2840118408203125 35.358211517333984375 33.51779937744140625 33.226589202880859375 39.90901947021484375 45.92111968994140625
44.807048797607421875 44.596080780029296875 45.466701507568359375 46.18711090087890625 46.769168853759765625 47.25576019287109375 47.49111175537109375 47.49098968505859375 47.15071868896484375 46.56639862060546875 45.80973052978515625 45.398609161376953125 45.29589080810546875 44.935489654541015625 43.25695037841796875 41.02056121826171875 38.93885040283203125 37.6152496337890625 37.709381103515625 38.384960174560546875 39.4139404296875 40.116058349609375 41.64723968505859375 42.948360443115234375 44.584930419921875 47.5297393798828125 52.79911041259765625 57.942508697509765625 58.910221099853515625 57.8134002685546875 52.695049285888671875 45.425701141357421875 40.48661041259765625 37.367229461669921875 34.770721435546875 32.65985870361328125 30.940229415893554688 30.356019973754882812 30.435590744018554688 35.183231353759765625 41.71562957763671875
42.136508941650390625 42.639659881591796875 43.342990875244140625 44.065799713134765625 44.822479248046875 45.4666595458984375 45.817310333251953125 45.924930572509765625 45.692729949951171875 45.248668670654296875 44.970180511474609375 45.46221923828125 47.01145172119140625 46.227359771728515625 43.780010223388671875 40.735870361328125 39.5740203857421875 37.618289947509765625 36.596240997314453125 36.9141998291015625 37.053668975830078125 37.689540863037109375 38.08184051513671875 39.05960845947265625 40.269001007080078125 42.488079071044921875 46.927059173583984375 49.570331573486328125 50.671070098876953125 50.73374176025390625 47.198940277099609375 42.5196685791015625 38.38484954833984375 34.92797088623046875 31.82592010498046875 29.911729812622070312 27.87165069580078125 27.400829315185546875 28.720569610595703125 32.8982086181640625 36.05326080322265625
