test_data/rescaled.asc
ncols        177
nrows        138
xllcorner    111.975000000000
yllcorner    -44.475000000000
cellsize     0.250000000000
NODATA_value  -9999
[rows 90 to 107 of 138, columns 82 to 122 of 177]
25.40901947021484375 24.772159576416015625 24.25572967529296875 23.998020172119140625 23.782039642333984375 23.267129898071289062 22.145229339599609375 21.533929824829101562 19.740009307861328125 18.300449371337890625 16.774480819702148438 17.048259735107421875 19.544740676879882812 16.497289657592773438 16.349340438842773438 20.722749710083007812 17.864789962768554688 17.74214935302734375 18.92288970947265625 16.723070144653320312 21.4150390625 18.283069610595703125 24.454450607299804688 22.501430511474609375 19.569789886474609375 17.401899337768554688 18.166690826416015625 19.381320953369140625 17.53076934814453125 20.49275970458984375 20.806249618530273438 20.770109176635742188 20.618640899658203125 21.833049774169921875 23.423330307006835938 21.7155609130859375 20.359039306640625 21.0418701171875 21.888029098510742188 22.099330902099609375 24.123849868774414062
27.092790603637695312 26.596220016479492188 26.167360305786132812 25.94026947021484375 25.646970748901367188 25.1695404052734375 24.848369598388671875 23.653779983520507812 22.383539199829101562 20.580789566040039062 19.28733062744140625 18.625059127807617188 21.751369476318359375 19.645160675048828125 20.10160064697265625 22.080310821533203125 18.265890121459960938 17.631359100341796875 18.79232025146484375 19.668500900268554688 20.315660476684570312 22.401510238647460938 34.5810089111328125 30.13874053955078125 25.937139511108398438 23.9755096435546875 24.60655975341796875 18.517520904541015625 20.219150543212890625 18.189090728759765625 18.659360885620117188 18.863649368286132812 19.722620010375976562 21.937870025634765625 21.74868011474609375 21.870449066162109375 21.676069259643554688 23.568080902099609375 22.24694061279296875 22.584280014038085938 24.676000595092773438
28.78668975830078125 28.342250823974609375 28.151720046997070312 28.072399139404296875 27.73184967041015625 27.124109268188476562 25.923280715942382812 25.711759567260742188 23.4784393310546875 21.598529815673828125 21.600690841674804688 19.92742919921875 19.4843292236328125 22.173730850219726562 21.301630020141601562 22.988300323486328125 19.852449417114257812 18.1937408447265625 20.846609115600585938 19.9714508056640625 22.462350845336914062 24.70281982421875 34.129150390625 32.092311859130859375 31.267549514770507812 24.997640609741210938 20.562349319458007812 16.477510452270507812 16.8911590576171875 17.394899368286132812 18.403469085693359375 19.106039047241210938 20.415599822998046875 22.205270767211914062 22.610029220581054688 21.311000823974609375 23.140420913696289062 24.134569168090820312 24.270120620727539062 24.88021087646484375 24.982950210571289062
30.577600479125976562 30.070440292358398438 29.76251983642578125 29.951009750366210938 29.88816070556640625 29.210079193115234375 28.009359359741210938 26.764810562133789062 25.562059402465820312 25.437940597534179688 26.120790481567382812 23.16580963134765625 22.467670440673828125 21.748170852661132812 24.1568603515625 26.502630233764648438 27.27426910400390625 18.88491058349609375 21.264020919799804688 19.330350875854492188 23.088659286499023438 25.445159912109375 29.12924957275390625 34.2544708251953125 31.556669235229492188 30.904809951782226562 17.43144989013671875 14.962690353393554688 16.338670730590820312 17.5910491943359375 19.316030502319335938 20.107629776000976562 21.113170623779296875 22.100259780883789062 21.698450088500976562 22.036970138549804688 23.933179855346679688 24.377489089965820312 25.61743927001953125 25.08415985107421875 25.365329742431640625
32.4106292724609375 31.859319686889648438 31.38130950927734375 31.206600189208984375 31.530979156494140625 31.223459243774414062 30.035150527954101562 28.864149093627929688 27.617839813232421875 27.46157073974609375 27.355039596557617188 26.614620208740234375 25.209850311279296875 24.302110671997070312 24.442579269409179688 27.6636199951171875 30.381439208984375 18.265359878540039062 18.536020278930664062 21.066869735717773438 23.814149856567382812 26.93675994873046875 33.213840484619140625 32.988368988037109375 34.7714996337890625 30.730220794677734375 18.040920257568359375 15.335700035095214844 16.186540603637695312 17.79113006591796875 19.75823974609375 19.965829849243164062 21.731950759887695312 21.857479095458984375 21.077840805053710938 22.547290802001953125 23.663330078125 23.71768951416015625 23.856319427490234375 23.538700103759765625 24.955129623413085938
34.294361114501953125 33.65876007080078125 33.12773895263671875 32.729949951171875 32.562168121337890625 32.7756805419921875 31.801370620727539062 30.813989639282226562 29.901430130004882812 29.275150299072265625 28.269910812377929688 27.463489532470703125 26.972019195556640625 26.50077056884765625 28.6060791015625 23.736200332641601562 22.569339752197265625 21.735849380493164062 22.00189971923828125 23.431440353393554688 25.135770797729492188 29.04463958740234375 32.640110015869140625 28.370119094848632812 44.09999847412109375 36.720180511474609375 23.196430206298828125 17.311279296875 17.087009429931640625 18.721590042114257812 19.3924407958984375 20.367120742797851562 21.162830352783203125 20.412509918212890625 22.565670013427734375 22.738800048828125 22.335880279541015625 21.894069671630859375 22.277849197387695312 22.542379379272460938 26.43511962890625
36.2007598876953125 35.55381011962890625 34.989101409912109375 34.451290130615234375 34.0662689208984375 33.853118896484375 33.367778778076171875 32.57257080078125 31.868249893188476562 31.2862091064453125 30.595159530639648438 32.716480255126953125 32.445369720458984375 32.9926605224609375 26.993549346923828125 24.348779678344726562 24.603969573974609375 24.936960220336914062 25.3006591796875 26.25366973876953125 29.398969650268554688 32.692569732666015625 25.893110275268554688 27.7661895751953125 36.48812103271484375 37.917140960693359375 28.960309982299804688 20.571010589599609375 17.841020584106445312 19.008039474487304688 19.099279403686523438 19.1147003173828125 20.659559249877929688 21.88800048828125 21.192499160766601562 21.9837799072265625 20.972459793090820312 21.11154937744140625 20.887670516967773438 26.492069244384765625 25.650310516357421875
38.151180267333984375 37.446529388427734375 36.823360443115234375 36.295780181884765625 35.800281524658203125 35.407390594482421875 34.931949615478515625 34.344268798828125 33.836971282958984375 33.342578887939453125 32.879180908203125 34.593189239501953125 34.041538238525390625 37.747188568115234375 26.92620086669921875 26.446710586547851562 26.6365203857421875 27.15908050537109375 27.566339492797851562 28.058019638061523438 35.58889007568359375 30.287279129028320312 28.164670944213867188 29.834100723266601562 34.21305084228515625 39.57807159423828125 34.98992156982421875 21.226360321044921875 19.027439117431640625 19.571969985961914062 18.937250137329101562 17.780950546264648438 17.626560211181640625 18.770780563354492188 20.850400924682617188 24.693660736083984375 23.457239151000976562 23.224170684814453125 24.32093048095703125 24.006410598754882812 25.700359344482421875
40.1099395751953125 39.377300262451171875 38.71173095703125 38.16638946533203125 37.665630340576171875 37.236629486083984375 36.765781402587890625 36.336029052734375 35.9683990478515625 35.504261016845703125 35.0840301513671875 35.402759552001953125 41.262630462646484375 33.93624114990234375 30.820329666137695312 29.281200408935546875 29.105409622192382812 29.225780487060546875 29.10330963134765625 29.180440902709960938 33.941951751708984375 29.37010955810546875 31.867700576782226562 33.668361663818359375 36.038421630859375 46.619220733642578125 43.459590911865234375 22.855970382690429688 20.20236968994140625 20.806760787963867188 19.524869918823242188 18.565809249877929688 19.06903076171875 18.589019775390625 20.5144195556640625 22.291690826416015625 24.0805206298828125 23.2173004150390625 23.342409133911132812 24.510059356689453125 25.675600051879882812
42.121288299560546875 41.358890533447265625 40.656871795654296875 40.07424163818359375 39.533359527587890625 39.149410247802734375 38.7025299072265625 38.601551055908203125 38.228801727294921875 37.88745880126953125 37.39910125732421875 37.817668914794921875 39.770259857177734375 38.673419952392578125 33.7991790771484375 32.33982086181640625 31.681859970092773438 31.249219894409179688 31.200069427490234375 30.404209136962890625 34.356349945068359375 32.571010589599609375 35.6708984375 38.249481201171875 44.033481597900390625 63.0497589111328125 35.7635498046875 28.038919448852539062 25.939329147338867188 23.239309310913085938 22.32366943359375 21.975679397583007812 22.372570037841796875 21.52761077880859375 21.274829864501953125 22.837980270385742188 21.897899627685546875 24.236339569091796875 24.989709854125976562 24.67498016357421875 25.84983062744140625
44.095188140869140625 43.29766845703125 42.581020355224609375 42.01811981201171875 41.51840972900390625 41.051250457763671875 40.69705963134765625 40.584659576416015625 40.671478271484375 40.382720947265625 40.10749053955078125 39.8003997802734375 39.21086883544921875 37.82447052001953125 36.39849853515625 35.58908843994140625 34.537380218505859375 34.323421478271484375 36.544498443603515625 33.091888427734375 34.2461700439453125 35.3646087646484375 38.566638946533203125 41.035369873046875 57.938690185546875 56.46559906005859375 33.47628021240234375 27.77043914794921875 29.592050552368164062 26.926870346069335938 26.450700759887695312 26.233049392700195312 25.399080276489257812 24.399160385131835938 22.070230484008789062 22.166570663452148438 23.159170150756835938 25.170190811157226562 26.4339599609375 26.356519699096679688 27.465200424194335938
46.143619537353515625 45.240680694580078125 44.5189208984375 43.9224700927734375 43.39823150634765625 42.953128814697265625 42.597850799560546875 42.406219482421875 42.675930023193359375 43.086940765380859375 42.971828460693359375 42.747249603271484375 42.246990203857421875 41.312259674072265625 40.034229278564453125 38.9790802001953125 38.702289581298828125 37.83744049072265625 37.439899444580078125 36.61444854736328125 36.509029388427734375 37.73397064208984375 40.138530731201171875 54.887950897216796875 64.13794708251953125 35.20822906494140625 31.890539169311523438 30.976749420166015625 30.348339080810546875 29.794830322265625 32.1365203857421875 29.916460037231445312 27.82135009765625 26.661069869995117188 24.081460952758789062 23.11483001708984375 24.417850494384765625 24.102430343627929688 26.349700927734375 27.905120849609375 28.236230850219726562
48.114688873291015625 47.22428131103515625 46.4968109130859375 45.83760833740234375 45.33985137939453125 44.862369537353515625 44.48223114013671875 44.284481048583984375 44.26348876953125 44.69242095947265625 45.804050445556640625 45.823558807373046875 45.352569580078125 44.426410675048828125 43.501941680908203125 43.346721649169921875 43.378238677978515625 42.60031890869140625 45.17987060546875 45.8714599609375 39.499370574951171875 39.566928863525390625 46.636348724365234375 44.090290069580078125 42.451690673828125 37.3968505859375 36.39379119873046875 37.17456817626953125 39.434589385986328125 33.569499969482421875 33.58444976806640625 33.017730712890625 32.022998809814453125 29.39160919189453125 27.252429962158203125 24.543500900268554688 23.285869598388671875 23.855279922485351562 25.035749435424804688 25.868799209594726562 26.006069183349609375
50.1741485595703125 49.194469451904296875 48.4023895263671875 47.7872314453125 47.246429443359375 46.764621734619140625 46.3699493408203125 46.16255950927734375 46.09860992431640625 46.21627044677734375 46.822841644287109375 48.203220367431640625 47.92620849609375 47.261810302734375 46.89447021484375 47.5917816162109375 56.112060546875 59.04470062255859375 51.992420196533203125 42.9743194580078125 41.592868804931640625 42.613498687744140625 44.09156036376953125 45.565608978271484375 44.57096099853515625 42.10485076904296875 40.130279541015625 41.036701202392578125 39.03707122802734375 36.103870391845703125 34.8824005126953125 34.46823883056640625 33.950649261474609375 32.094600677490234375 30.026350021362304688 25.996999740600585938 23.202619552612304688 23.302560806274414062 25.359249114990234375 24.870769500732421875 25.411230087280273438
52.157009124755859375 51.2072601318359375 50.34709930419921875 49.627269744873046875 49.0805206298828125 48.678859710693359375 48.302188873291015625 48.08853912353515625 47.91815948486328125 48.007648468017578125 48.295680999755859375 49.1535797119140625 50.197811126708984375 50.04998016357421875 50.09513092041015625 51.073459625244140625 52.869289398193359375 52.96096038818359375 49.437679290771484375 46.25428009033203125 45.3882293701171875 45.86779022216796875 46.8587188720703125 47.604259490966796875 47.234088897705078125 45.777309417724609375 43.778659820556640625 41.5975189208984375 39.977939605712890625 38.968898773193359375 36.839740753173828125 34.8646392822265625 33.89154052734375 32.68943023681640625 31.242570877075195312 28.283750534057617188 24.965219497680664062 22.28050994873046875 24.542150497436523438 24.214410781860351562 25.332000732421875
53.5850982666015625 53.17105865478515625 52.299129486083984375 51.6070404052734375 51.010311126708984375 50.585430145263671875 50.15254974365234375 49.9969482421875 49.9160308837890625 49.9436492919921875 50.124729156494140625 50.677021026611328125 51.862438201904296875 52.776889801025390625 53.03961181640625 53.27899169921875 53.615779876708984375 53.36151885986328125 51.9938507080078125 50.350830078125 49.4484710693359375 49.395618438720703125 49.599979400634765625 49.5298614501953125 48.77056121826171875 47.577411651611328125 46.1028289794921875 44.024440765380859375 41.06056976318359375 40.082630157470703125 39.665859222412109375 41.56851959228515625 36.189300537109375 34.52301025390625 32.18505096435546875 30.274049758911132812 27.9785308837890625 26.473180770874023438 27.047990798950195312 25.722600936889648438 25.774290084838867188
55.106090545654296875 54.529018402099609375 54.19100189208984375 53.48574066162109375 52.895481109619140625 52.41156005859375 52.033039093017578125 51.83367919921875 51.81903839111328125 51.8722991943359375 52.040248870849609375 52.510669708251953125 53.28086090087890625 54.6246795654296875 55.7118682861328125 55.834239959716796875 55.74996185302734375 55.26107025146484375 54.31320953369140625 53.344879150390625 52.723041534423828125 52.509670257568359375 52.2598114013671875 51.714260101318359375 50.7403717041015625 49.73239898681640625 48.400279998779296875 46.3776702880859375 42.969608306884765625 41.117321014404296875 40.8057098388671875 39.98397064208984375 38.49285125732421875 36.6194305419921875 35.50991058349609375 34.405338287353515625 34.8599700927734375 30.191690444946289062 30.691680908203125 29.996759414672851562 29.523160934448242188
56.70825958251953125 55.93109893798828125 55.505340576171875 55.347721099853515625 54.700199127197265625 54.2692413330078125 53.90872955322265625 53.76985931396484375 53.6990203857421875 53.783771514892578125 53.96955108642578125 54.362060546875 55.008060455322265625 55.914379119873046875 56.78379058837890625 57.617618560791015625 57.87432098388671875 57.497379302978515625 56.728610992431640625 55.968570709228515625 55.543430328369140625 55.1719818115234375 54.8287200927734375 54.109210968017578125 53.434970855712890625 52.5244293212890625 51.283588409423828125 48.887889862060546875 45.864959716796875 43.928638458251953125 43.7527008056640625 41.8828887939453125 39.648128509521484375 39.93492889404296875 39.42324066162109375 39.280689239501953125 37.62200927734375 36.379451751708984375 35.5043792724609375 43.6352996826171875 33.91033935546875
