test_data/rescaled.asc
ncols        177
nrows        138
xllcorner    111.975000000000
yllcorner    -44.475000000000
cellsize     0.250000000000
NODATA_value  -9999
[rows 72 to 89 of 138, columns 0 to 40 of 177]
26.221179962158203125 25.998640060424804688 25.802890777587890625 25.786350250244140625 26.268779754638671875 26.171199798583984375 25.558900833129882812 25.017469406127929688 24.959850311279296875 26.735309600830078125 25.895809173583984375 24.307720184326171875 24.21739959716796875 22.374750137329101562 20.155000686645507812 19.606950759887695312 19.225450515747070312 18.532930374145507812 17.274639129638671875 18.81439971923828125 19.118289947509765625 18.316640853881835938 18.023799896240234375 17.10897064208984375 17.13433074951171875 16.88423919677734375 17.791690826416015625 18.821929931640625 19.381069183349609375 20.4891204833984375 20.738559722900390625 20.823209762573242188 19.6843109130859375 18.829380035400390625 18.745800018310546875 19.46562957763671875 20.616550445556640625 20.295049667358398438 19.776330947875976562 20.065900802612304688 20.293340682983398438
27.628559112548828125 27.423440933227539062 27.217519760131835938 27.1842803955078125 27.468149185180664062 27.341089248657226562 26.764379501342773438 26.29673004150390625 25.948480606079101562 25.320400238037109375 25.784290313720703125 24.406749725341796875 24.162439346313476562 22.53363037109375 21.662799835205078125 21.987539291381835938 20.4912109375 19.10482025146484375 16.446409225463867188 16.5026092529296875 18.012350082397460938 18.52671051025390625 18.64817047119140625 18.44281005859375 19.36631011962890625 18.228540420532226562 18.27162933349609375 18.78424072265625 18.918649673461914062 20.196229934692382812 20.445690155029296875 20.84803009033203125 20.862909317016601562 19.562610626220703125 18.191190719604492188 18.20684051513671875 19.077880859375 19.030910491943359375 20.021930694580078125 19.929090499877929688 20.086029052734375
29.267040252685546875 28.989339828491210938 28.774560928344726562 28.716060638427734375 28.838479995727539062 28.638669967651367188 28.043500900268554688 27.564039230346679688 26.9919891357421875 26.102569580078125 25.42292022705078125 25.143739700317382812 24.644039154052734375 22.901479721069335938 21.181909561157226562 24.154729843139648438 23.3098907470703125 18.887760162353515625 17.28321075439453125 17.550249099731445312 19.245899200439453125 19.107540130615234375 18.672029495239257812 19.277820587158203125 20.687549591064453125 20.109790802001953125 20.978649139404296875 20.368030548095703125 19.963840484619140625 20.405969619750976562 21.644159317016601562 21.888620376586914062 21.371400833129882812 20.378000259399414062 19.556819915771484375 18.217180252075195312 18.472019195556640625 18.855840682983398438 18.886720657348632812 19.377429962158203125 18.688570022583007812
31.041790008544921875 30.765720367431640625 30.5262298583984375 30.338750839233398438 30.3924102783203125 30.049940109252929688 29.546970367431640625 28.895050048828125 28.218280792236328125 26.904880523681640625 25.071409225463867188 24.896699905395507812 25.411500930786132812 25.321920394897460938 24.620700836181640625 26.841480255126953125 23.236719131469726562 19.362989425659179688 19.213619232177734375 19.544099807739257812 19.825689315795898438 19.534879684448242188 20.785669326782226562 21.90493011474609375 22.10684967041015625 22.3705902099609375 22.698190689086914062 22.441860198974609375 21.368089675903320312 22.121370315551757812 22.3275604248046875 21.462390899658203125 21.21112060546875 21.042230606079101562 20.326490402221679688 18.892339706420898438 17.93498992919921875 18.014490127563476562 18.263370513916015625 18.770200729370117188 17.797750473022460938
33.04962921142578125 32.687580108642578125 32.41696929931640625 32.164058685302734375 32.012119293212890625 31.741899490356445312 31.156749725341796875 30.489179611206054688 29.678070068359375 28.572479248046875 26.857469558715820312 24.833269119262695312 26.167070388793945312 25.199010848999023438 25.458049774169921875 25.562250137329101562 21.904230117797851562 20.09806060791015625 19.901559829711914062 20.53656005859375 20.784999847412109375 21.416589736938476562 23.457529067993164062 24.2237701416015625 24.09654998779296875 24.066869735717773438 23.772769927978515625 22.586130142211914062 22.2909393310546875 22.360490798950195312 22.5156707763671875 22.966339111328125 22.793130874633789062 22.479709625244140625 20.92591094970703125 20.80381011962890625 19.405099868774414062 17.39080047607421875 17.640069961547851562 17.663570404052734375 17.690999984741210938
35.256099700927734375 34.86653900146484375 34.47386932373046875 34.117710113525390625 33.79222869873046875 33.465480804443359375 32.76293182373046875 32.097370147705078125 31.298849105834960938 30.32733917236328125 29.281049728393554688 27.646570205688476562 26.130830764770507812 26.80583953857421875 25.794450759887695312 25.691219329833984375 25.196979522705078125 23.717939376831054688 22.957729339599609375 21.74691009521484375 22.5816192626953125 24.244440078735351562 25.943990707397460938 25.27198028564453125 24.503519058227539062 23.358919143676757812 23.995100021362304688 23.657049179077148438 24.267190933227539062 24.381999969482421875 23.836179733276367188 23.786510467529296875 24.857530593872070312 22.600099563598632812 21.123750686645507812 20.121349334716796875 20.167470932006835938 18.801410675048828125 18.662799835205078125 16.659549713134765625 15.542989730834960938
37.703929901123046875 37.272701263427734375 36.784198760986328125 36.284160614013671875 35.89305877685546875 35.427700042724609375 34.77423858642578125 33.412811279296875 32.620800018310546875 31.92694091796875 31.29058074951171875 29.897190093994140625 28.080690383911132812 27.364709854125976562 28.831439971923828125 28.656900405883789062 26.9849700927734375 27.632749557495117188 27.028369903564453125 24.378780364990234375 25.150859832763671875 27.6305999755859375 26.851819992065429688 27.185419082641601562 25.383840560913085938 24.053609848022460938 24.89904022216796875 26.168260574340820312 25.698879241943359375 25.511989593505859375 25.909570693969726562 26.51287078857421875 27.138299942016601562 25.235919952392578125 24.085079193115234375 22.065540313720703125 21.872880935668945312 20.933080673217773438 19.328699111938476562 17.82411956787109375 14.359239578247070312
40.388118743896484375 39.797740936279296875 39.312191009521484375 38.755458831787109375 38.209438323974609375 37.68537139892578125 36.960659027099609375 35.545040130615234375 33.736690521240234375 33.3805694580078125 33.2226409912109375 32.399478912353515625 30.95008087158203125 30.360860824584960938 30.870899200439453125 29.433399200439453125 27.783969879150390625 28.247280120849609375 27.9672698974609375 23.222959518432617188 23.65309906005859375 26.222280502319335938 26.8310699462890625 27.392820358276367188 27.334539413452148438 24.012420654296875 25.062459945678710938 23.736150741577148438 25.236089706420898438 26.731899261474609375 27.966999053955078125 27.907260894775390625 28.717260360717773438 27.485870361328125 27.944360733032226562 25.420270919799804688 25.389360427856445312 23.422100067138671875 21.423770904541015625 17.431819915771484375 14.68379974365234375
43.30992889404296875 42.667980194091796875 42.044010162353515625 41.378360748291015625 40.762119293212890625 40.098171234130859375 39.301700592041015625 37.8793792724609375 35.410030364990234375 35.222408294677734375 35.204929351806640625 34.657329559326171875 32.7254486083984375 32.822109222412109375 33.22834014892578125 29.710140228271484375 28.582729339599609375 28.103790283203125 24.856029510498046875 22.276599884033203125 21.564250946044921875 24.7450103759765625 25.589139938354492188 27.773529052734375 27.40113067626953125 24.56948089599609375 23.58155059814453125 23.429349899291992188 23.157060623168945312 25.032590866088867188 27.132730484008789062 30.134920120239257812 30.9661407470703125 30.131479263305664062 30.225460052490234375 28.2432708740234375 27.865060806274414062 27.096109390258789062 22.839620590209960938 18.895809173583984375 17.331930160522460938
46.572360992431640625 45.79470062255859375 45.025989532470703125 44.268451690673828125 43.526088714599609375 42.725261688232421875 41.767398834228515625 40.359821319580078125 38.000949859619140625 37.54354095458984375 37.372928619384765625 36.654998779296875 35.109081268310546875 35.69969940185546875 35.222759246826171875 31.369140625 28.011890411376953125 26.01416015625 24.48394012451171875 22.290079116821289062 22.90937042236328125 24.474849700927734375 24.440059661865234375 26.573810577392578125 27.4973907470703125 25.436559677124023438 23.822050094604492188 24.47444915771484375 24.755979537963867188 25.76522064208984375 27.8794403076171875 30.746629714965820312 32.338291168212890625 32.3540802001953125 32.665248870849609375 30.099950790405273438 29.823930740356445312 28.309759140014648438 22.756870269775390625 19.72509002685546875 18.8505706787109375
50.1099700927734375 49.19860076904296875 48.33979034423828125 47.3865509033203125 46.483829498291015625 45.49810028076171875 44.442600250244140625 43.031909942626953125 40.974918365478515625 40.344989776611328125 39.828411102294921875 38.764469146728515625 37.20391845703125 37.191120147705078125 38.88108062744140625 34.164890289306640625 28.916479110717773438 26.622589111328125 23.897350311279296875 22.58274078369140625 24.666700363159179688 22.622440338134765625 23.723199844360351562 25.3770599365234375 26.841539382934570312 24.560369491577148438 23.999820709228515625 25.752050399780273438 26.399499893188476562 26.935930252075195312 28.459730148315429688 30.496519088745117188 33.010410308837890625 35.50318145751953125 35.60746002197265625 33.735149383544921875 30.207050323486328125 26.049749374389648438 21.6660003662109375 18.969430923461914062 17.973009109497070312
54.00286865234375 52.915859222412109375 51.818630218505859375 50.7083587646484375 49.61901092529296875 48.482059478759765625 47.2596282958984375 45.87213134765625 44.103759765625 43.300510406494140625 42.23097991943359375 40.8077392578125 39.396800994873046875 42.069271087646484375 38.717441558837890625 35.4451904296875 32.593311309814453125 26.368429183959960938 21.942399978637695312 22.586500167846679688 24.068170547485351562 21.562540054321289062 22.399549484252929688 24.937559127807617188 27.868640899658203125 28.303670883178710938 27.865009307861328125 26.580799102783203125 27.954549789428710938 29.41085052490234375 30.307710647583007812 31.415010452270507812 34.31996917724609375 38.259288787841796875 38.423000335693359375 36.99539947509765625 32.97303009033203125 26.38452911376953125 21.630750656127929688 19.451120376586914062 18.783359527587890625
56.970611572265625 55.748748779296875 54.566020965576171875 53.345348358154296875 52.067188262939453125 50.827869415283203125 49.47512054443359375 48.103481292724609375 46.48931884765625 45.445308685302734375 44.01406097412109375 42.402790069580078125 40.906009674072265625 40.05496978759765625 40.8158416748046875 42.773868560791015625 39.11923980712890625 35.753368377685546875 25.492919921875 23.99394989013671875 24.773080825805664062 24.019380569458007812 25.475469589233398438 24.33628082275390625 26.66500091552734375 27.660009384155273438 27.08235931396484375 27.86074066162109375 29.124860763549804688 28.966539382934570312 29.308950424194335938 31.9755706787109375 36.41918182373046875 40.90699005126953125 38.643310546875 38.144001007080078125 35.751659393310546875 29.715259552001953125 23.170749664306640625 19.579969406127929688 18.381120681762695312
59.054229736328125 57.854671478271484375 56.547290802001953125 55.253509521484375 53.967510223388671875 52.60662841796875 51.170368194580078125 49.7219085693359375 48.115070343017578125 46.573230743408203125 45.1122283935546875 43.461879730224609375 41.580760955810546875 39.860569000244140625 39.982639312744140625 39.859111785888671875 38.70056915283203125 42.042301177978515625 28.718929290771484375 24.444810867309570312 25.20861053466796875 24.790380477905273438 25.822519302368164062 27.196210861206054688 25.503620147705078125 27.177600860595703125 27.150659561157226562 27.033639907836914062 27.729040145874023438 28.381719589233398438 29.005970001220703125 30.8334808349609375 35.763950347900390625 39.608428955078125 39.225070953369140625 38.241851806640625 35.6682586669921875 30.51663970947265625 22.99391937255859375 20.991840362548828125 20.611410140991210938
61.190460205078125 59.90988922119140625 58.614200592041015625 57.259860992431640625 55.838428497314453125 54.377079010009765625 52.839389801025390625 51.30625152587890625 49.519329071044921875 47.554351806640625 46.027191162109375 44.364910125732421875 42.644168853759765625 40.931781768798828125 40.02500152587890625 42.72743988037109375 45.567279815673828125 40.76844024658203125 29.180980682373046875 26.009769439697265625 23.470949172973632812 23.632709503173828125 26.02349090576171875 25.633159637451171875 25.42591094970703125 25.755659103393554688 27.242490768432617188 27.69004058837890625 26.932460784912109375 29.046220779418945312 29.023899078369140625 31.60923004150390625 34.46437835693359375 36.66323089599609375 37.607791900634765625 36.87841033935546875 32.410129547119140625 28.4584808349609375 22.7043304443359375 21.217580795288085938 20.377660751342773438
63.341831207275390625 62.07440948486328125 60.641490936279296875 59.227169036865234375 57.741039276123046875 56.18775177001953125 54.5881195068359375 52.903911590576171875 51.002288818359375 48.67942047119140625 47.096729278564453125 45.47927093505859375 43.7856597900390625 42.1819610595703125 40.8204803466796875 43.402618408203125 52.156841278076171875 43.679599761962890625 34.705730438232421875 25.297090530395507812 24.186859130859375 22.91986083984375 22.42913055419921875 22.807779312133789062 24.4024200439453125 27.230150222778320312 27.607929229736328125 25.75373077392578125 26.144990921020507812 28.146539688110351562 29.960910797119140625 31.411909103393554688 32.638759613037109375 34.201290130615234375 33.822338104248046875 30.96768951416015625 29.315309524536132812 25.967309951782226562 24.189929962158203125 21.888429641723632812 22.702550888061523438
65.473846435546875 64.16443634033203125 62.713718414306640625 61.241519927978515625 59.693328857421875 58.021350860595703125 56.330898284912109375 54.53292083740234375 52.59825897216796875 50.146549224853515625 48.48336029052734375 47.038440704345703125 45.57424163818359375 44.113750457763671875 42.997051239013671875 46.29431915283203125 65.34616851806640625 46.80052947998046875 36.649219512939453125 29.066009521484375 24.728790283203125 21.970409393310546875 22.630250930786132812 25.216640472412109375 23.716650009155273438 26.543939590454101562 27.348979949951171875 25.93820953369140625 25.934240341186523438 28.739149093627929688 29.491189956665039062 30.349779129028320312 31.027700424194335938 30.925519943237304688 29.431020736694335938 29.271039962768554688 28.128690719604492188 27.69281005859375 26.431280136108398438 24.56468963623046875 24.165370941162109375
67.7528533935546875 66.3581085205078125 64.892791748046875 63.357330322265625 61.72431182861328125 60.00888824462890625 58.191318511962890625 56.332309722900390625 54.34912872314453125 52.141300201416015625 50.328891754150390625 48.906490325927734375 47.80860137939453125 47.366161346435546875 47.380840301513671875 49.071018218994140625 64.9871368408203125 55.18991851806640625 42.553119659423828125 32.587909698486328125 28.303770065307617188 25.510030746459960938 24.68695068359375 23.622900009155273438 21.86901092529296875 24.47241973876953125 25.794019699096679688 26.424909591674804688 27.485790252685546875 28.6397705078125 28.834310531616210938 30.26461029052734375 29.416379928588867188 28.259639739990234375 28.354940414428710938 28.253099441528320312 29.865879058837890625 28.391239166259765625 28.152410507202148438 28.000329971313476562 27.43917083740234375
